718,59
718,132
718,128
880,3
880,2
880,1
880,0
859,6
859,5
822,10
822,9
822,4
822,8
822,7
822,6
765,7
765,6
765,5
764,20
764,19
764,16
764,18
764,15
764,17
764,12
764,13
764,14
764,10
764,11
764,5
764,9
764,4
764,8
764,7
764,6
757,8
757,7
757,6
755,9
755,8
752,18
752,13
752,17
752,16
752,14
752,15
752,10
752,12
752,4
752,11
752,9
752,5
752,8
752,7
752,6
748,28
748,27
748,26
748,5
748,25
748,24
748,23
748,22
748,21
748,20
748,19
748,18
748,17
748,16
748,15
748,14
748,13
748,12
748,11
748,10
748,9
748,8
748,7
718,131
718,55
718,92
718,91
718,90
718,89
718,88
718,130
718,52
718,87
718,86
718,85
718,84
718,129
718,41
718,83
718,82
718,81
718,80
718,79
718,78
718,77
718,48
718,76
718,63
718,75
718,44
718,74
718,73
718,72
718,71
718,70
718,69
718,68
718,67
718,62
718,33
718,61
718,66
718,60
718,65
718,64
718,58
718,9
718,57
718,56
718,54
718,8
718,53
718,51
718,7
718,50
718,49
718,47
718,6
718,46
718,45
718,43
718,42
718,40
718,5
718,39
718,38
718,23
718,37
718,36
718,35
718,34
718,32
718,20
718,31
718,30
718,29
718,28
718,27
718,26
718,25
718,24
718,22
718,21
718,17
718,19
718,18
718,16
718,4
718,15
718,14
718,13
718,12
718,11
718,10
708,6
708,5
686,12
686,11
686,10
643,116
643,115
643,114
643,113
643,112
643,111
643,110
643,109
643,108
643,107
643,106
643,105
643,104
643,103
643,102
643,101
643,100
643,99
643,98
643,97
643,96
643,95
643,94
643,93
643,92
643,91
643,90
643,89
643,88
643,87
643,86
643,85
643,84
643,83
643,82
643,81
643,80
643,79
643,78
643,77
643,76
643,75
643,74
643,73
643,72
643,71
643,70
643,69
643,68
643,67
643,66
643,65
643,64
643,36
643,35
643,34
643,33
643,32
643,31
643,30
643,29
643,28
643,27
643,26
643,25
643,24
643,23
643,22
643,21
643,20
643,19
643,18
643,17
643,16
643,15
643,14
643,13
643,12
643,11
643,10
643,9
643,8
643,7
643,6
643,5
879,9
879,8
879,7
879,6
879,5
879,4
879,3
879,2
879,1
879,0
2,30
878,9
878,8
878,7
878,6
878,5
878,4
878,3
878,2
878,1
878,0
2,29
877,9
877,8
877,7
877,6
877,5
877,4
877,3
877,2
877,1
877,0
2,28
876,9
876,8
876,7
876,6
876,5
876,4
876,3
876,2
876,1
876,0
2,27
875,9
875,8
875,7
875,6
875,5
875,4
875,3
875,2
875,1
875,0
2,26
874,9
874,8
874,7
874,6
874,5
874,4
874,3
874,2
874,1
874,0
873,4
873,3
873,2
873,1
873,0
872,5
872,4
872,3
872,2
872,1
872,0
871,4
871,3
871,2
871,1
871,0
870,5
870,4
870,3
870,2
870,1
870,0
869,4
869,3
869,2
869,1
869,0
868,4
868,3
868,2
868,1
868,0
867,4
867,3
867,2
867,1
867,0
866,4
866,3
866,2
866,1
866,0
865,5
865,4
865,3
865,2
865,1
865,0
864,4
864,3
864,2
864,1
864,0
863,4
863,3
863,2
863,1
863,0
862,3
862,2
862,1
862,0
861,3
861,2
861,1
861,0
860,3
860,2
860,1
860,0
859,4
859,3
859,2
859,1
859,0
858,3
858,2
858,1
858,0
857,5
857,4
857,3
857,2
857,1
857,0
856,4
856,3
856,2
856,1
856,0
855,3
855,2
855,1
855,0
854,3
854,2
854,1
854,0
853,4
853,3
853,2
853,1
853,0
852,4
852,3
852,2
852,1
852,0
851,3
851,2
851,1
851,0
850,4
850,3
850,2
850,1
850,0
849,5
849,4
849,3
849,2
849,1
849,0
848,5
848,4
848,3
848,2
848,1
848,0
847,5
847,4
847,3
847,2
847,1
847,0
846,5
846,4
846,3
846,2
846,1
846,0
845,6
845,5
845,4
845,3
845,2
845,1
845,0
844,6
844,5
844,4
844,3
844,2
844,1
844,0
843,4
843,3
843,2
843,1
843,0
842,4
842,3
842,2
842,1
842,0
841,3
841,2
841,1
841,0
840,5
840,4
840,3
840,2
840,1
840,0
839,5
839,4
839,3
839,2
839,1
839,0
838,5
838,4
838,3
838,2
838,1
838,0
837,5
837,4
837,3
837,2
837,1
837,0
836,5
836,4
836,3
836,2
836,1
836,0
835,5
835,4
835,3
835,2
835,1
835,0
834,4
834,3
834,2
834,1
834,0
833,5
833,4
833,3
833,2
833,1
833,0
832,5
832,4
832,3
832,2
832,1
832,0
831,4
831,3
831,2
831,1
831,0
830,4
830,3
830,2
830,1
830,0
829,4
829,3
829,2
829,1
829,0
828,5
828,4
828,3
828,2
828,1
828,0
827,4
827,3
827,2
827,1
827,0
826,3
826,2
826,1
826,0
825,5
825,4
825,3
825,2
825,1
825,0
824,4
824,3
824,2
824,1
824,0
823,3
823,2
823,1
823,0
822,5
822,3
822,2
822,1
822,0
821,5
821,4
821,3
821,2
821,1
821,0
820,3
820,2
820,1
820,0
819,4
819,3
819,2
819,1
819,0
818,4
818,3
818,2
818,1
818,0
817,5
817,4
817,3
817,2
817,1
817,0
816,5
816,4
816,3
816,2
816,1
816,0
815,4
815,3
815,2
815,1
815,0
814,4
814,3
814,2
814,1
814,0
813,5
813,4
813,3
813,2
813,1
813,0
812,4
812,3
812,2
812,1
812,0
811,5
811,4
811,3
811,2
811,1
811,0
810,6
810,5
810,4
810,3
810,2
810,1
810,0
809,6
809,5
809,4
809,3
809,2
809,1
809,0
2,25
808,11
808,10
808,9
808,8
808,7
808,6
808,5
808,4
808,3
808,2
808,1
808,0
2,24
807,10
807,9
807,8
807,7
807,6
807,5
807,4
807,3
807,2
807,1
807,0
806,10
806,9
806,8
806,7
806,6
806,5
806,4
806,3
806,2
806,1
806,0
805,10
805,9
805,8
805,7
805,6
805,5
805,4
805,3
805,2
805,1
805,0
804,10
804,9
804,8
804,7
804,6
804,5
804,4
804,3
804,2
804,1
804,0
803,10
803,9
803,8
803,7
803,6
803,5
803,4
803,3
803,2
803,1
803,0
802,4
802,3
802,2
802,1
802,0
801,5
801,4
801,3
801,2
801,1
801,0
800,5
800,4
800,3
800,2
800,1
800,0
799,5
799,4
799,3
799,2
799,1
799,0
798,5
798,4
798,3
798,2
798,1
798,0
797,5
797,4
797,3
797,2
797,1
797,0
796,5
796,4
796,3
796,2
796,1
796,0
795,5
795,4
795,3
795,2
795,1
795,0
794,4
794,3
794,2
794,1
794,0
793,5
793,4
793,3
793,2
793,1
793,0
792,4
792,3
792,2
792,1
792,0
791,4
791,3
791,2
791,1
791,0
790,4
790,3
790,2
790,1
790,0
789,5
789,4
789,3
789,2
789,1
789,0
788,5
788,4
788,3
788,2
788,1
788,0
787,6
787,5
787,4
787,3
787,2
787,1
787,0
786,6
786,5
786,4
786,3
786,2
786,1
786,0
785,6
785,5
785,4
785,3
785,2
785,1
785,0
784,8
784,7
784,6
784,5
784,4
784,3
784,2
784,1
784,0
783,8
783,7
783,6
783,5
783,4
783,3
783,2
783,1
783,0
782,8
782,7
782,6
782,5
782,4
782,3
782,2
782,1
782,0
781,8
781,7
781,6
781,5
781,4
781,3
781,2
781,1
781,0
780,8
780,7
780,6
780,5
780,4
780,3
780,2
780,1
780,0
2,23
779,7
779,6
779,5
779,4
779,3
779,2
779,1
779,0
0,511
0,510
778,6
778,5
778,4
778,3
778,2
778,1
778,0
0,509
777,6
777,5
777,4
777,3
777,2
777,1
777,0
0,508
0,507
776,5
776,4
776,3
776,2
776,1
776,0
0,506
775,5
775,4
775,3
775,2
775,1
775,0
0,505
0,504
774,5
774,4
774,3
774,2
774,1
774,0
0,503
773,4
773,3
773,2
773,1
773,0
772,5
772,4
772,3
772,2
772,1
772,0
0,502
771,5
771,4
771,3
771,2
0,501
771,1
771,0
0,500
770,4
770,3
770,2
770,1
770,0
0,499
0,498
769,5
769,4
769,3
769,2
769,1
769,0
768,5
768,4
768,3
768,2
768,1
768,0
0,497
0,496
767,5
767,4
767,3
767,2
767,1
767,0
0,495
766,5
766,4
766,3
766,2
766,1
766,0
0,494
0,493
765,4
765,3
765,2
765,1
765,0
764,3
764,2
764,1
764,0
763,5
763,4
763,3
763,2
763,1
763,0
0,492
0,491
0,490
762,5
762,4
762,3
762,2
762,1
762,0
761,5
761,4
761,3
761,2
761,1
761,0
760,5
760,4
760,3
760,2
760,1
760,0
0,489
759,5
759,4
759,3
759,2
759,1
759,0
0,488
0,487
758,4
758,3
758,2
758,1
758,0
757,5
757,4
757,3
757,2
757,1
757,0
0,486
0,485
0,484
0,483
756,5
756,4
756,3
756,2
756,1
756,0
755,7
755,6
755,5
755,4
755,3
755,2
755,1
755,0
0,482
754,7
754,6
754,5
754,4
754,3
754,2
754,1
754,0
0,481
753,7
753,6
753,5
753,4
753,3
753,2
753,1
753,0
0,480
752,3
752,2
752,1
752,0
751,5
751,4
751,3
751,2
751,1
751,0
0,479
750,5
750,4
750,3
750,2
750,1
750,0
749,5
749,4
749,3
749,2
749,1
749,0
0,478
748,6
748,4
748,3
748,2
748,1
748,0
0,477
747,5
747,4
747,3
747,2
747,1
747,0
746,5
746,4
746,3
746,2
0,476
746,1
746,0
0,475
745,4
745,3
745,2
745,1
745,0
0,474
744,4
744,3
744,2
744,1
744,0
743,5
743,4
743,3
743,2
743,1
743,0
742,5
742,4
742,3
742,2
742,1
742,0
741,5
741,4
741,3
741,2
741,1
741,0
0,473
740,5
740,4
740,3
740,2
740,1
740,0
739,5
739,4
739,3
739,2
739,1
739,0
738,5
738,4
738,3
738,2
738,1
738,0
737,5
737,4
737,3
737,2
737,1
737,0
0,472
736,5
736,4
736,3
736,2
736,1
736,0
0,471
735,4
735,3
735,2
735,1
735,0
0,470
0,469
734,4
734,3
734,2
734,1
734,0
0,468
0,467
733,5
733,4
733,3
733,2
733,1
733,0
0,466
732,5
732,4
732,3
732,2
732,1
732,0
0,465
731,5
731,4
731,3
731,2
731,1
731,0
0,464
730,5
730,4
730,3
730,2
730,1
730,0
729,4
729,3
729,2
0,463
729,1
729,0
728,4
728,3
728,2
728,1
728,0
0,462
727,4
727,3
727,2
0,461
727,1
727,0
726,6
726,5
726,4
726,3
726,2
726,1
726,0
0,460
0,459
0,458
0,457
725,6
725,5
725,4
725,3
725,2
725,1
725,0
0,456
0,455
724,5
724,4
724,3
724,2
724,1
724,0
0,454
0,453
723,5
723,4
723,3
723,2
723,1
723,0
0,452
722,5
722,4
722,3
722,2
0,451
722,1
722,0
721,5
721,4
721,3
721,2
721,1
721,0
720,5
720,4
720,3
720,2
720,1
720,0
0,450
719,5
719,4
719,3
719,2
719,1
719,0
718,3
718,2
718,1
718,0
717,9
717,8
717,7
717,6
717,5
717,4
717,3
717,2
717,1
717,0
0,449
716,9
716,8
716,7
716,6
716,5
716,4
716,3
716,2
716,1
716,0
715,9
715,8
715,7
715,6
715,5
715,4
715,3
715,2
715,1
715,0
0,448
714,9
714,8
714,7
714,6
714,5
714,4
714,3
714,2
714,1
714,0
713,5
713,4
713,3
713,2
713,1
713,0
712,4
712,3
712,2
712,1
712,0
711,7
711,6
711,5
711,4
711,3
711,2
711,1
711,0
710,7
710,6
710,5
710,4
710,3
710,2
710,1
710,0
709,7
709,6
709,5
709,4
709,3
709,2
709,1
709,0
708,4
708,3
708,2
708,1
708,0
707,4
707,3
707,2
707,1
707,0
706,5
706,4
706,3
706,2
706,1
706,0
705,5
705,4
705,3
705,2
705,1
705,0
704,5
704,4
704,3
704,2
704,1
704,0
703,5
703,4
703,3
703,2
703,1
703,0
702,4
702,3
702,2
702,1
702,0
701,5
701,4
701,3
701,2
701,1
701,0
700,4
700,3
700,2
700,1
700,0
699,5
699,4
699,3
699,2
699,1
699,0
698,5
698,4
698,3
698,2
698,1
698,0
697,4
697,3
697,2
697,1
697,0
696,5
696,4
696,3
696,2
696,1
696,0
695,4
695,3
695,2
695,1
695,0
694,4
694,3
694,2
694,1
694,0
693,5
693,4
693,3
693,2
693,1
693,0
692,4
692,3
692,2
692,1
692,0
2,22
691,4
691,3
691,2
691,1
691,0
690,3
690,2
690,1
690,0
689,6
689,5
689,4
689,3
689,2
689,1
689,0
2,20
688,5
688,4
688,3
688,2
688,1
688,0
687,4
687,3
687,2
687,1
687,0
686,9
686,8
686,7
686,6
686,5
686,4
686,3
686,2
686,1
686,0
685,8
685,7
685,6
685,5
685,4
685,3
685,2
685,1
685,0
684,8
684,7
684,6
684,5
684,4
684,3
684,2
684,1
684,0
683,3
683,2
683,1
683,0
682,9
682,8
682,7
682,6
682,5
682,4
682,3
682,2
682,1
682,0
681,4
681,3
681,2
681,1
681,0
680,4
680,3
680,2
680,1
680,0
679,4
679,3
679,2
679,1
679,0
678,3
678,2
678,1
678,0
677,4
677,3
677,2
677,1
677,0
676,4
676,3
676,2
676,1
676,0
675,4
675,3
675,2
675,1
675,0
674,4
674,3
674,2
674,1
674,0
673,3
673,2
673,1
673,0
672,3
672,2
672,1
672,0
671,3
671,2
671,1
671,0
670,4
670,3
670,2
670,1
670,0
669,3
669,2
669,1
669,0
668,4
668,3
668,2
668,1
668,0
667,4
667,3
667,2
667,1
667,0
666,3
666,2
666,1
666,0
665,3
665,2
665,1
665,0
664,4
664,3
664,2
664,1
664,0
663,3
663,2
663,1
663,0
662,4
662,3
662,2
662,1
662,0
661,5
661,4
661,3
661,2
661,1
661,0
660,5
660,4
660,3
660,2
660,1
660,0
659,5
659,4
659,3
659,2
659,1
659,0
658,6
658,5
658,4
658,3
658,2
658,1
658,0
657,4
657,3
657,2
657,1
657,0
656,4
656,3
656,2
656,1
656,0
655,3
655,2
655,1
655,0
654,5
654,4
654,3
654,2
654,1
654,0
653,5
653,4
653,3
653,2
653,1
653,0
652,5
652,4
652,3
652,2
652,1
652,0
651,4
651,3
651,2
651,1
651,0
650,5
650,4
650,3
650,2
650,1
650,0
649,4
649,3
649,2
649,1
649,0
648,4
648,3
648,2
648,1
648,0
647,5
647,4
647,3
647,2
647,1
647,0
646,3
646,2
646,1
646,0
645,3
645,2
645,1
645,0
644,5
644,4
644,3
644,2
644,1
644,0
643,4
643,3
643,2
643,1
643,0
642,3
642,2
642,1
642,0
641,3
641,2
641,1
641,0
640,4
640,3
640,2
640,1
640,0
639,3
639,2
639,1
639,0
638,4
638,3
638,2
638,1
638,0
637,5
637,4
637,3
637,2
637,1
637,0
636,4
636,3
636,2
636,1
636,0
635,4
635,3
635,2
635,1
635,0
634,4
634,3
634,2
634,1
634,0
633,5
633,4
633,3
633,2
633,1
633,0
632,4
632,3
632,2
632,1
632,0
631,5
631,4
631,3
631,2
631,1
631,0
630,6
630,5
630,4
630,3
630,2
630,1
630,0
629,3
629,2
629,1
629,0
628,3
628,2
628,1
628,0
627,5
627,4
627,3
627,2
627,1
627,0
626,4
626,3
626,2
626,1
626,0
625,4
625,3
625,2
625,1
625,0
624,4
624,3
624,2
624,1
624,0
623,4
623,3
623,2
623,1
623,0
622,4
622,3
622,2
622,1
622,0
621,4
621,3
621,2
621,1
621,0
620,4
620,3
620,2
620,1
620,0
619,10
619,9
619,8
619,7
619,6
619,5
619,4
619,3
619,2
619,1
619,0
618,3
618,2
618,1
618,0
617,4
617,3
617,2
617,1
617,0
616,4
616,3
616,2
616,1
616,0
615,5
615,4
615,3
615,2
615,1
615,0
614,3
614,2
614,1
614,0
613,5
613,4
613,3
613,2
613,1
613,0
612,5
612,4
612,3
612,2
612,1
612,0
611,4
611,3
611,2
611,1
611,0
610,4
610,3
610,2
610,1
610,0
609,4
609,3
609,2
609,1
609,0
608,4
608,3
608,2
608,1
608,0
607,5
607,4
607,3
607,2
607,1
607,0
606,6
606,5
606,4
606,3
606,2
606,1
606,0
605,8
605,7
605,6
605,5
605,4
605,3
605,2
605,1
605,0
604,6
604,5
604,4
604,3
604,2
604,1
604,0
603,5
603,4
603,3
603,2
603,1
603,0
602,5
602,4
602,3
602,2
602,1
602,0
601,4
601,3
601,2
601,1
601,0
600,5
600,4
600,3
600,2
600,1
600,0
599,4
599,3
599,2
599,1
599,0
598,5
598,4
598,3
598,2
598,1
598,0
597,5
597,4
597,3
597,2
597,1
597,0
2,13
596,4
596,3
596,2
596,1
596,0
595,5
595,4
595,3
595,2
595,1
595,0
594,5
594,4
594,3
594,2
594,1
594,0
593,5
593,4
593,3
593,2
593,1
593,0
592,4
592,3
592,2
592,1
592,0
591,4
591,3
591,2
591,1
591,0
590,4
590,3
590,2
590,1
590,0
589,5
